N = 3, Repeats = 5
2 3 14 
N = 4, Repeats = 7
12 27 76 98 
N = 5, Repeats = 7
16 38 68 73 83 
N = 6, Repeats = 7
15 23 53 54 57 84 
N = 7, Repeats = 9
10 32 65 69 72 76 87 
N = 8, Repeats = 13
8 9 22 37 51 70 75 84 
N = 9, Repeats = 13
21 35 46 66 70 75 84 92 95 
N = 10, Repeats = 15
7 8 13 21 43 58 67 75 84 99 
N = 11, Repeats = 13
0 7 17 24 24 32 34 36 45 83 85 
N = 12, Repeats = 17
4 19 31 31 35 44 46 54 83 83 90 94 
N = 13, Repeats = 19
8 9 11 41 43 67 70 83 85 87 88 96 97 
N = 14, Repeats = 19
11 13 16 20 26 28 43 50 53 57 62 66 69 82 
N = 15, Repeats = 19
2 3 13 19 32 36 39 40 53 56 65 66 71 72 85 
N = 16, Repeats = 23
16 22 30 31 35 37 46 48 57 71 76 77 79 85 87 94 
N = 17, Repeats = 25
0 1 3 9 13 19 23 25 27 43 52 52 57 58 64 67 95 
N = 18, Repeats = 23
1 11 14 14 15 19 25 33 47 48 51 55 55 77 79 83 83 88 
N = 19, Repeats = 27
5 6 6 15 15 16 23 26 26 41 47 49 51 54 61 65 73 78 91 
N = 20, Repeats = 29
0 6 6 9 15 16 25 33 36 39 40 53 60 60 61 63 68 87 90 99 
N = 21, Repeats = 29
6 36 37 38 40 42 43 45 49 53 57 64 64 65 69 70 72 74 76 80 84 
N = 22, Repeats = 29
0 0 0 6 18 19 21 27 32 33 41 58 62 62 64 68 70 77 77 83 85 88 
N = 23, Repeats = 29
3 13 17 21 27 29 31 34 35 36 40 42 42 43 44 45 52 65 72 81 82 83 97 
N = 24, Repeats = 29
6 8 14 22 26 38 41 44 47 49 51 57 59 61 64 66 67 72 74 82 85 87 93 98 
N = 25, Repeats = 35
3 4 5 6 7 13 14 15 36 36 37 40 45 47 47 54 59 60 61 61 62 68 78 80 80 
N = 26, Repeats = 37
6 8 14 24 26 27 27 29 29 29 31 31 32 36 43 61 68 70 72 76 93 94 95 96 97 98 
N = 27, Repeats = 35
7 8 11 11 25 26 34 36 38 41 46 47 50 63 64 65 66 68 70 73 76 79 81 86 94 95 97 
N = 28, Repeats = 39
0 2 5 5 13 19 29 30 34 40 53 53 58 61 64 65 68 68 69 71 72 82 87 87 91 93 96 96 
N = 29, Repeats = 43
1 3 6 8 15 15 16 18 19 21 23 23 24 24 25 39 42 45 49 60 60 62 62 70 73 75 78 92 93 
N = 30, Repeats = 41
1 3 6 7 9 9 11 13 16 20 24 25 31 38 39 41 50 51 52 53 53 55 56 60 61 62 71 81 91 94 
N = 31, Repeats = 45
2 5 10 21 25 26 28 30 31 34 38 40 46 50 57 59 59 64 66 67 69 70 74 86 86 87 90 92 95 98 99 
N = 32, Repeats = 43
1 4 10 10 16 18 18 19 20 20 23 26 27 32 34 42 45 51 51 55 56 56 58 58 60 61 71 71 72 91 98 98 
N = 33, Repeats = 41
2 4 7 9 11 16 16 17 18 18 20 20 22 25 28 29 34 36 39 42 45 53 59 67 73 77 80 86 92 95 95 98 98 
N = 34, Repeats = 51
9 9 12 13 15 17 17 19 24 25 30 34 37 50 50 52 52 53 57 58 61 65 71 72 73 74 74 81 82 89 91 93 93 93 
N = 35, Repeats = 45
13 19 20 20 21 24 26 27 30 30 36 39 39 40 41 41 42 44 44 50 54 60 63 67 71 72 79 83 83 84 85 87 88 90 95 
N = 36, Repeats = 49
1 2 7 11 11 14 17 17 17 17 28 28 31 33 34 39 39 44 45 46 47 51 51 53 54 57 59 63 73 74 76 85 85 87 88 98 
N = 37, Repeats = 49
0 0 1 2 7 7 15 16 16 21 26 30 31 33 34 36 42 47 52 58 61 63 64 65 65 66 68 69 70 71 73 74 84 89 93 94 98 
N = 38, Repeats = 53
0 7 8 8 15 16 17 18 18 18 34 35 36 55 56 56 58 61 61 70 71 71 71 72 77 78 79 79 80 84 85 85 86 86 91 93 93 96 
N = 39, Repeats = 55
5 5 9 10 16 17 18 18 19 20 20 21 29 32 35 41 46 48 54 55 60 62 63 64 68 74 80 82 83 85 86 89 93 94 96 96 97 98 99 
N = 40, Repeats = 59
0 6 9 11 13 18 21 29 29 31 32 33 35 36 42 42 45 46 47 47 53 53 55 58 59 60 64 66 66 71 71 73 75 79 82 84 84 87 87 93 
N = 41, Repeats = 53
3 4 5 6 10 12 13 14 17 22 23 24 26 31 33 33 34 35 35 36 38 42 44 44 47 53 53 55 56 59 64 66 69 70 72 76 77 83 89 93 96 
N = 42, Repeats = 65
1 1 5 9 10 15 18 20 26 26 26 28 33 34 36 37 38 40 45 50 51 53 57 59 59 62 62 66 66 70 72 75 75 77 81 83 84 84 86 87 89 92 
N = 43, Repeats = 59
4 7 8 10 13 13 17 17 18 24 24 25 26 26 28 36 38 49 51 52 53 53 53 59 61 62 62 63 64 66 66 68 69 70 70 72 75 78 84 86 93 95 98 
